201116079945
201114663782
201112036753
201115081614
201118312318
201112602535
201112690834
201119698272
201111817148
201119455192
201117010436
201115272025
201119890074
201115079276
201112225805
201111936099
201116664352
201119169758
201112787413
201111844738
201111286131
201112065749
201118017681
201119201043
201118839305
201110582210
201113523884
201110257786
201115834869
201114653017
201112662615
201115979572
201116703212
201113066757
201114318789
201112941165
201111468362
201115831682
201110316181
201118773294
201114273137
201111863244
201118729384
201117453793
201115080708
201117920926
201111062712
201119235054
201117397487
201115471385
201118921249
201111111025
201119437098
201118002117
201113094237
201115199005
201112963977
201118049745
201118386884
201114713543
201114704999
201117683204
201113596084
201113514751
201118952344
201112348265
201115998010
201117265308
201117902095
201118731649
201116802890
201112646834
201115397656
201118418930
201117731409
201118263753
201113041638
201115667183
201111760518
201119572583
201112423213
201110895295
201112773319
201116936309
201118642712
201118936954
201113455270
201116031494
201112769879
201112715239
201115489107
201112143434
201113551350
201113198102
201117124923
201116156353
201118595429
201117689951
201112607250
201117364016
201117631296
201116879888
201118080830
201116402611
201119111187
201113249913
201119916643
201110716251
201118617783
201113731681
201117745619
201111981745
201110312056
201112131881
201118380579
201110874058
201116172991
201112320879
201118687310
201118413138
201115140541
201111928199
201110803990
201110036189
201118501557
201111520344
201118529566
201115905762
201111912145
201113932232
201114702766
201110117074
201110127372
201113314207
201115368793
201116996068
201117731895
201111378422
201113930315
201113027571
201111289972
201116431990
201116563816
201113446612
201111322083
201117302986
201117950588
201117604067
201115370321
201110027437
201117470488
201111970088
201112960700
201117965650
201115542641
201113263467
201117421534
201111829651
201119453216
201118039500
201115864333
201110180402
201117657584
201111619313
201111170917
201110199789
201112438809
201118538375
201117151888
201111883857
201112319825
201112419678
201112298660
201110800311
201110471203
201119521634
201117967276
201118465992
201114108805
201111158826
201115144884
201110414475
201113770762
201113912579
201118959296
201113433515
201111978211
201110145289
201114253544
201119302092
201115763002
201110190345
201116866197
201110040311
201117952328
201110264148
201110680505
201112711726
201115393701
201119937589
201112867507
201111308322
201114128197
201116515587
201115362690
201116529573
201111918048
201110011782
201119914720
201115261249
201117385548
201115326170
201112951144
201119795668
201115832724
201117454505
201111189702
201112288650
201110367057
201119014902
201116122308
201117783919
201110568940
201110082080
201115921256
201116262884
201117987146
201115887296
201110899284
201110698963
201113975519
201111298461
201114184018
201113042274
201114766999
201111630769
201110744693
201111474559
201113665343
201118681713
201110492284
201112427230
201112792498
201117141989
201110517506
201112811793
201112985752
201118542307
201111951611
201119147925
201111046405
201112451581
201112166172
201111601871
201118818295
201116539293
201115384796
201112104750
201111626846
201113887827
201117812963
201112626514
201119939248
201117760173
201113624886
201115588910
201112119545
201111602404
201116179509
201119625815
201113687987
201115360249
201111340478
201119576707
201112782091
201111661838
201116476226
201116734242
201113777075
201111264987
201110508689
201118276147
201112148608
201112745796
201119721666
201110280936
201113242348
201115163119
201112268577
201113011309
201117823077
201110389543
201115965994
201119979630
201118191267
201111675607
201119303067
201115958819
201115328480
201110373231
201148595265
201149333744
201149122393
201149632880
201146404912
201144684345
201147726988
201141505126
201141693059
201141440471
201144056492
201148293411
201144821657
201147419258
201142850361
201141664373
201147050035
201145752606
201143945710
201143595451
201142111006
201142047836
201143226956
201140490156
201144723595
201140189552
201145058550
201147452139
201140942085
201147509289
201148014787
201148494551
201144095194
201143234408
201141194529
201141090283
201144142506
201145146201
201149787835
201142415010
201145734196
201144881327
201144960003
201149710789
201147252216
201142829300
201144592900
201145553410
201145809269
201145699845
201141232361
201147831942
201144098767
201148482629
201142579121
201140517937
201142108241
201145930934
201148316731
201143218288
201148638678
201146771386
201140980785
201147012000
201143521451
201146221485
201140804176
201148240024
201141092820
201142193435
201142304664
201148519714
201142459904
201140828108
201149044410
201140377605
201141333773
201145326169
201149079270
201149924192
201142215823
201149826558
201146123618
201144454742
201143336895
201145302187
201142199733
201143349317
201148303107
201141278656
201149963460
201141771256
201140304107
201148899257
201142317040
201142904683
201145346810
201145514745
201145543394
201140460434
201147541934
201142338885
201148494200
201147772780
201141885083
201148589030
201145164852
201143887031
201148984092
201143627752
201143831169
201149364980
201149299762
201143321235
201146231804
201147220974
201147537544
201140791332
201149854020
201148609478
201146695129
201147316584
201144384398
201149879147
201148921046
201141233959
201142306128
201140574591
201140615915
201142548758
201143561625
201148888665
201147296669
201141894581
201148128462
201147859664
201142148920
201140126219
201140427075
201149872903
201148088102
201149854224
201141631913
201145919310
201149228828
201143629834
201141782258
201144759881
201141930345
201149215424
201141349278
201145471345
201149019000
201140375730
201146869873
201144528278
201141156294
201146560831
201143078278
201141113929
201145403476
201146516743
201149482949
201145326540
201143181726
201146167920
201148454818
201140204940
201145227406
201148724093
201141406614
201141084102
201149935082
201148955475
201142144221
201147939330
201147149730
201142453733
201141251587
201143208441
201146321192
201145832345
201144422147
201144958559
201142110254
201144935625
201146132247
201148781680
201143189021
201148380521
201146555081
201148033022
201149905196
201146203953
201140017217
201142851593
201143928117
201149944231
201145131782
201148714013
201142706355
201141489102
201143007055
201142674824
201145494276
201140196572
201148334241
201149004461
201148567686
201146943936
201140581231
201141701490
201141383591
201144905111
201146580408
201145467479
201140021785
201144921546
201148189806
201149834595
201148782680
201140363767
201142150069
201147417527
201143793453
201142807114
201147756151
201145156041
201145657274
201149064944
201146556049
201145961422
201146703923
201145422737
201141480952
201140182038
201145554890
201149518859
201141020859
201149748279
201142489711
201146558882
201146636405
201140975378
201148117353
201145394004
201148950259
201140050025
201148010327
201149705012
201140853149
201145715146
201148816410
201145603199
201140691002
201141727125
201144310700
201147970323
201145543673
201149808140
201144572243
201145745125
201146411145
201141026219
201144126152
201148025283
201146171584
201140176280
201143840463
201149849305
201145861978
201143603308
201142281351
201149143174
201147424383
201146828721
201146909529
201141247231
201142809226
201144652103
201147310556
201148989581
201141239783
201141314916
201145279882
201140223206
201142997528
201140084134
201146548065
201140910509
201141158464
201147226335
201143778052
201146999019
201141705964
201147511471
201146420705
201149081440
201147901965
201144982803
